time,x,y,z,phi,theta,psi,x_velocity,y_velocity,z_velocity,phi_velocity,theta_velocity,psi_velocity,rotor_speed1,rotor_speed2,rotor_speed3,rotor_speed4
0.06,-1.60146616266e-06,1.79559981284e-07,10.0023585336,0.00019001918305,0.00107698785552,0.0,-0.00011999450094,1.60212937367e-05,0.0786149260865,0.00884882085334,0.0403086823,0.0,429.0536738894207,432.4617450567136,428.98548729747637,429.73602490988526
0.12000000000000001,-4.65015023886e-05,8.54174180597e-06,10.0142043358,0.000235204087284,0.00335292758481,0.0,-0.00166449310306,0.000309630319404,0.316208467119,-0.0249707959734,0.0326981716736,0.0,478.5211321020533,477.94212115486187,480.2325929513886,477.6608851974358
0.18,-0.000224720271652,2.61787326296e-05,10.0366064407,6.28184775279,0.00529210885096,0.0,-0.00447910758983,0.000118515344986,0.430490734059,-0.0288193979922,0.0315519210405,0.0,441.69178415590994,441.5976548675401,441.58119618201636,441.26350762319106
0.23999999999999996,-0.000611854043487,-1.53477858782e-06,10.0657588472,6.28005540026,0.00680315238604,0.0,-0.00860632622015,-0.00122453540044,0.541208214954,-0.0320663055227,0.00771538554723,0.0,441.6285210412609,439.6584423402456,440.4989473544079,440.2301148253288
0.3,-0.00128425353057,-0.000153416407982,10.1031343293,6.27835149096,0.00772257996429,0.0,-0.0138869560193,-0.00403897371478,0.704552919706,-0.0219215753163,0.0273330637549,0.0,455.3461286119095,456.9124881540659,457.2505146559943,458.05764433288977
0.36000000000000004,-0.00226362234361,-0.000488307562988,10.145966276,6.27692816896,0.00907819915832,0.0,-0.0188953641028,-0.00724693612184,0.723165073311,-0.0275902603605,0.0108526435877,0.0,411.44000831259143,409.978602180348,411.13620814914344,410.633604201365
0.4200000000000001,-0.00357257322899,-0.00104788979849,10.1907263383,6.27542415383,0.0099256992138,0.0,-0.0248071410638,-0.0115536335103,0.768805367942,-0.0204461985672,0.019975889006,0.0,420.25003407236693,421.0398817336781,418.76706888446057,419.38780084770804
0.48000000000000015,-0.00527424957242,-0.00190903694766,10.2402070528,6.27403314235,0.0111432676517,0.0,-0.0320399548871,-0.0172857240052,0.880469451848,-0.0293125950172,0.020919173033,0.0,440.91069964076166,440.9885948047233,441.86575810027597,441.13425415406994
0.5400000000000001,-0.00746421452398,-0.00316901687789,10.2989033088,6.27241494887,0.0122155600938,0.0,-0.0410931788275,-0.0249077085244,1.07590513432,-0.0226545441408,0.0109481777642,0.0,466.581590924857,465.8025097870469,467.6018158550658,468.11999712919254
0.6000000000000002,-0.0101833936513,-0.00488986427316,10.366355119,6.27125528621,0.0125717071161,0.0,-0.0495990737211,-0.0325799385441,1.17239187934,-0.0133898477558,-0.00667878975262,0.0,437.95434896626136,436.48587026665626,436.3723759106587,437.1450094769606
0.6600000000000003,-0.0134186930728,-0.00709449783059,10.4397313326,6.27057184735,0.012717036595,0.0,-0.0582344285889,-0.0409822570971,1.2733734839,-0.00766536955493,0.0162455475053,0.0,438.1398129108153,440.04138956296913,437.9297519111653,438.40571999356376
0.7200000000000003,-0.0172543881257,-0.00988987633532,10.5249600234,6.26980138035,0.0133650208246,0.0,-0.0697277873374,-0.0522692894312,1.56722468957,-0.0259908669917,-0.00326387119478,0.0,497.4211543333966,495.9904448402559,496.4010520454991,495.05472462316123
0.7800000000000004,-0.0216478155427,-0.0132406304013,10.6170409698,6.26849280223,0.0135141398429,0.0,-0.076720830469,-0.0595341981897,1.50222656959,-0.0145406121236,0.0120340620242,0.0,383.06763091045934,384.5194664596458,382.8612123085157,383.94888910179395
0.8400000000000004,-0.0265421319942,-0.0171288426022,10.7107949435,6.26724184668,0.0146385706152,0.0,-0.0865206331455,-0.0701771835648,1.62273883199,-0.038083943274,0.0295855193936,0.0,445.16937525519575,446.6030769316103,446.3333078949624,444.4078008910329
0.9000000000000005,-0.0319972989663,-0.0216270979899,10.8081217029,6.26570062665,0.0163789855254,0.0,-0.0954714304224,-0.0799247945145,1.62148257726,-0.00829247264479,0.0278240519625,0.0,406.2317161207361,406.07407746574995,405.0022994245836,407.6724415433098
0.9600000000000005,-0.0380955410609,-0.0268119904794,10.9099101516,6.26540049778,0.0178325747205,0.0,-0.107971917638,-0.0929440831194,1.77124100531,0.000877980816133,0.0158343630629,0.0,455.81098314615394,454.8519411646123,454.37203778956825,455.10666135223323
1.0200000000000005,-0.0449732078931,-0.03278264538,11.0206769968,6.26532222189,0.0188930916022,0.0,-0.12138975334,-0.106074667598,1.92074487817,-0.00607272893113,0.0211237502047,0.0,455.43590737096287,455.8586599559872,455.5050307005831,454.94891018843236
1.0800000000000005,-0.0527407966227,-0.0395988049283,11.1434367346,6.26490261642,0.0213398861225,0.0,-0.137771689748,-0.121171519946,2.17079858921,-0.00890157011968,0.0644458694391,0.0,483.97727113866813,487.22737644959284,485.88014451335897,485.6681463591878
1.1400000000000006,-0.0615189090931,-0.0472945477583,11.2792135881,6.26508369559,0.0249475285298,0.0,-0.155253895731,-0.135359053644,2.35472397038,0.0199306437941,0.0496769976487,0.0,468.3225497400624,467.17476885959303,465.7142020606043,467.9638219958723
1.2000000000000006,-0.0714014626881,-0.0558135566639,11.4250397816,6.2660558309,0.0273686512476,0.0,-0.174470576961,-0.14848237395,2.50582213346,0.00744723119015,0.00529059407851,0.0,460.7004772048212,457.1782096731349,457.9257084630917,456.9315499688944
1.2600000000000007,-0.0823421148716,-0.0650162013375,11.574933372,6.26608760216,0.027392404624,0.0,-0.190235975089,-0.158248083147,2.49066279973,-0.0192432352106,-0.0118395747722,0.0,405.15975385820417,403.61670757643964,407.2565717511143,404.86225570159314
1.3200000000000007,-0.0942953169453,-0.0748527380901,11.7264117534,6.26469697356,0.0275816274176,0.0,-0.208185296165,-0.169756489032,2.55846343414,-0.0325108001157,0.0230165969044,0.0,431.7557810645442,434.6865585052401,432.84276002486,431.7246845446384
1.3800000000000008,-0.107384494829,-0.0854431202123,11.8837104235,6.26270472493,0.0288528434681,0.0,-0.22825393452,-0.183459589322,2.68452683748,-0.0346278962488,0.017250947928,0.0,452.447361978881,451.98292641621356,450.79534837190903,450.6238295323835
1.4400000000000008,-0.121753368369,-0.0969341184313,12.0502637094,6.26075964638,0.0301270283477,0.0,-0.25082945074,-0.199793907741,2.86679758074,-0.0283295268827,0.0282064929865,0.0,469.05875985402133,469.9087490155354,468.5019257750083,468.99102800948356
1.5000000000000009,-0.137462329155,-0.109412796455,12.2261747156,6.2591731958,0.0327223904863,0.0,-0.2730320297,-0.216329218135,2.99655533986,-0.0229088536075,0.0631649335381,0.0,453.21978424093095,456.02171655462996,453.5387296672241,453.97375433672687
1.560000000000001,-0.154434423669,-0.122820840518,12.4059172832,6.25752896728,0.0361180821233,0.0,-0.293022009038,-0.230735387122,2.99484907311,-0.0383890093074,0.0383156299235,0.0,412.7095362772129,410.51270246816983,414.31286994687696,412.94927182085866
1.620000000000001,-0.172682934891,-0.137140880613,12.5861519902,6.25505056498,0.0385251056402,0.0,-0.315472580188,-0.24681238788,3.01290787789,-0.0478930355705,0.0434954068644,0.0,418.6173423740016,419.0687681459944,420.14552258548173,419.31965131525186
1.680000000000001,-0.19241860928,-0.152542406868,12.769901833,6.25184515576,0.0412063241842,0.0,-0.342643375607,-0.2668703062,3.11179537512,-0.0677724384048,0.0469688659392,0.0,444.8087018991688,445.0942065551434,446.9364608922056,445.31125117342583
1.740000000000001,-0.2138241446,-0.16920523493,12.9591821715,6.24783233022,0.0437506252554,0.0,-0.371135519854,-0.288952689902,3.19727979414,-0.065154397833,0.0312110058825,0.0,442.2508750711558,440.9519802686351,442.1917776138841,442.40403280401387
1.8000000000000012,-0.236951076792,-0.187243701448,13.1527544263,6.24364777733,0.0458896859809,0.0,-0.399949729583,-0.312708912675,3.25493332833,-0.081007525049,0.0433094553591,0.0,432.3943180061408,433.4129610756217,435.0547459941525,433.7213623282808
1.8600000000000012,-0.261875877446,-0.206813321567,13.3503154938,6.23913626425,0.0484072451839,0.0,-0.431120102092,-0.340061373702,3.33017587568,-0.0655561613079,0.0391130908306,0.0,440.2458751848533,439.8994784421738,438.70943984154644,439.9859424990391
1.9200000000000013,-0.288609221773,-0.22800816592,13.5500971892,6.23552855881,0.0512566855154,0.0,-0.460222830277,-0.36676029614,3.32917847485,-0.0510346244089,0.060448062039,0.0,414.98615740765365,416.8562441309453,414.12136836497547,415.39387951763814
1.9800000000000013,-0.317318717976,-0.251028118781,13.7531685944,6.23232184522,0.055630686317,0.0,-0.497166679594,-0.400879194209,3.43948695235,-0.0587620633614,0.0903448117338,0.0,450.4477160517304,452.86278911850314,451.3812679551465,450.7553508271577
2.0400000000000014,-0.348354667851,-0.276172873319,13.963027832,6.22924199115,0.0620634864919,0.0,-0.537976959501,-0.437601066964,3.55539025955,-0.03954940208,0.128681668896,0.0,453.1237888260327,456.204476903718,452.38791327087,453.9306118927126
2.1000000000000014,-0.381999894257,-0.303595292511,14.1800930855,6.22763300104,0.0694257863575,0.0,-0.584306516048,-0.476658456749,3.67963570107,-0.00908704921894,0.106762240911,0.0,457.87765313390594,456.1433540916485,456.55880543459506,458.9826265412774
2.1600000000000015,-0.418930345894,-0.333666373971,14.4095696942,6.22686977654,0.0762566432482,0.0,-0.647504561802,-0.525738822603,3.96852327599,-0.0212121630339,0.125180363397,0.0,505.7564137767114,507.09090888793725,506.5341337374744,505.66152175291205
2.2200000000000015,-0.459581562413,-0.366517703258,14.6530729617,6.22661220547,0.0834544853001,0.0,-0.70832595397,-0.569340567403,4.14751005066,0.0172307306451,0.106695973332,0.0,477.7063192550587,476.3063727705588,475.49128029256605,478.42748375741576
2.2800000000000016,-0.503788644699,-0.401813461961,14.904296096,6.22757345505,0.0899059778138,0.0,-0.765855363201,-0.607069901168,4.22622162528,0.0134841666241,0.10913183008,0.0,448.8315745905939,449.0392661542326,447.27383781196033,446.96848513868866
2.3400000000000016,-0.551473945669,-0.439291321091,15.1590929167,6.22878389672,0.0960510597168,0.0,-0.824238956328,-0.642087859606,4.26676813583,0.030996991257,0.0835509994805,0.0,438.2747000354709,436.1521775291368,435.4563045357479,436.9189678851013
2.4000000000000017,-0.602699294279,-0.478802974487,15.415546948,6.23102279168,0.100994737915,0.0,-0.883715628608,-0.674781733018,4.28157568769,0.0476399326064,0.0799769974834,0.0,429.50233224994474,429.20484814550457,427.601646090314,429.0179316298822
2.4600000000000017,-0.657611224863,-0.520246931625,15.6731534063,6.23458116345,0.105848957857,0.0,-0.947114837535,-0.706386169174,4.30515216084,0.0759513708393,0.0826943290936,0.0,431.27353667612107,431.50850985278583,431.3452644407337,433.73220413108515
2.520000000000002,-0.716883258342,-0.56372523085,15.9364985023,6.23910308801,0.110315737059,0.0,-1.0290934755,-0.742356996455,4.47229567226,0.0741676547929,0.0478381071272,0.0,477.746363277299,475.0846201552799,477.20840563617804,477.07625389904365
2.580000000000002,-0.780628242982,-0.60905045025,16.2050095452,6.24399812398,0.114007737962,0.0,-1.09604108321,-0.768076352834,4.47800174702,0.0933440269908,0.0801916135647,0.0,426.71448333550677,429.4704428216476,427.0848766846284,428.72306889044563
2.640000000000002,-0.848611896932,-0.65587907812,16.4751434598,6.24915149886,0.118537692467,0.0,-1.17050820347,-0.792364781386,4.52620011553,0.0636416396115,0.0639122376052,0.0,442.012659279494,440.6733062499806,443.7571598555481,441.31775429977586
2.700000000000002,-0.92067480871,-0.703942776559,16.744205238,6.25306196836,0.122026881824,0.0,-1.23191585926,-0.809487665554,4.44280177105,0.0680749515748,0.0429946418276,0.0,399.22963266595343,397.3188607427075,398.25990149120867,398.6689087990651
2.760000000000002,-0.997035480782,-0.75310893936,17.012812776,6.25766220975,0.124255328467,0.0,-1.31365675903,-0.828959073041,4.51045762402,0.0898885070973,0.0216339286636,0.0,448.3256293279774,446.5870880012691,447.8126380479278,449.58816090356686
2.820000000000002,-1.07885539029,-0.803451099455,17.2895658087,6.26292030561,0.125459978094,0.0,-1.4137323393,-0.848478049422,4.71376742203,0.0827004721477,0.0167675270925,0.0,490.66334076429257,490.3018242733778,488.8500395818354,488.3196697941502
2.880000000000002,-1.16643924202,-0.854801062706,17.5763544118,6.26827604496,0.126994499191,0.0,-1.50581669141,-0.862634339658,4.84524704177,0.0999100227884,0.0390512232969,0.0,469.4219798090456,471.1482828642446,469.3678508335597,470.7077644664106
2.940000000000002,-1.25918727147,-0.906839777057,17.8678769666,6.27421622735,0.129784079922,0.0,-1.58602441014,-0.871455283192,4.87199507093,0.0971259472276,0.0582886112931,0.0,438.27505254472874,439.8725308308401,438.8790754710667,438.6564685890778
3.000000000000002,-1.357313696,-0.959331340392,18.1648586674,6.28016462602,0.133159600239,0.0,-1.68516230249,-0.877621101063,5.02661727669,0.102888318931,0.0518556577343,0.0,479.13596290273597,478.6484783204423,478.2355201124927,478.68195777942316
3.0600000000000023,-1.4608710731,-1.01205232786,18.4666772276,0.00359307555059,0.136329821183,0.0,-1.76704400415,-0.879190049369,5.03388965438,0.121890885168,0.0547301509096,0.0,433.97908495111665,434.22222648758367,434.4765279556408,436.0778668039888
3.1200000000000023,-1.56968918852,-1.06473825782,18.7709931262,0.0108632045485,0.13963284528,0.0,-1.86052543029,-0.876305456371,5.1095346747,0.119685599783,0.0556830848432,0.0,455.72442626332077,455.80255103607595,457.57425921754617,457.41143917266464
3.1800000000000024,-1.68535649271,-1.1170085701,19.0881114207,0.0178718865224,0.142544143588,0.0,-1.99528407027,-0.865086370292,5.45928766105,0.110341028456,0.0276606291742,0.0,536.5548424333721,534.6497278221368,536.0589225346691,535.433127257901
3.2400000000000024,-1.8076251609,-1.16862085006,19.4153263353,0.0246411208948,0.144405478267,0.0,-2.0805289478,-0.854760701147,5.44785424746,0.117364334005,0.0370151230362,0.0,433.33205026878903,434.1181975551538,433.2121344033415,433.81403121677045
3.3000000000000025,-1.93506601284,-1.21949408895,19.7419567462,0.0321171231373,0.146428692323,0.0,-2.16772173289,-0.840398309962,5.43977471966,0.136125606324,0.0261477805081,0.0,434.4410964704657,433.5292439243673,434.7756633060376,436.35920949052564
3.3600000000000025,-2.06790551247,-1.26934592747,20.0689420349,0.0403288562203,0.14770820501,0.0,-2.26041673895,-0.820607784916,5.45954950794,0.138294608279,0.00932178232364,0.0,444.44928310922796,443.0678383006012,443.88782416428455,444.08316013853903
3.4200000000000026,-2.20623394853,-1.31789117748,20.3964103249,0.0488117643574,0.149171894051,0.0,-2.35067397452,-0.79685061617,5.4559903468,0.146928305483,0.0443272082383,0.0,436.200158641669,439.11436269189255,435.4573794938536,436.1981099804126
3.4800000000000026,-2.35048825285,-1.36470588525,20.7267598941,0.0576673172008,0.151972849393,0.0,-2.45804545225,-0.762779163098,5.55501892222,0.148887454603,0.0510187928342,0.0,468.9457804459133,469.4665323851765,468.9164031828389,469.08776473780904
3.5400000000000027,-2.50108741411,-1.40935940609,21.0619510789,0.0666843697424,0.15494726793,0.0,-2.56220899384,-0.724839062257,5.61753774594,0.152937658898,0.0465153691256,0.0,459.8369732635678,459.4814646483319,458.6949447054566,459.03697624170627
3.6000000000000028,-2.658149303,-1.45149805626,21.4017965428,0.0760715394832,0.157820570265,0.0,-2.67344169453,-0.678893098933,5.7099832965,0.162683278712,0.0505011214476,0.0,469.4579563577913,469.7684326540376,468.8664995714883,469.64483529138505
3.660000000000003,-2.82154437025,-1.49088848974,21.744595202,0.0854700314926,0.160569181898,0.0,-2.77335805621,-0.63329027914,5.71641699191,0.140462441021,0.0342237262443,0.0,444.3391633509553,443.0036608010869,445.2119126800908,443.4126125644639
3.720000000000003,-2.99061226461,-1.52758452787,22.085421037,0.0938673298725,0.162064996429,0.0,-2.86250141351,-0.589242490701,5.64465303946,0.138921436568,-0.00981886589401,0.0,420.16152420921327,416.3249202544429,419.01004460605844,418.8955277361749
3.780000000000003,-3.16532993064,-1.5613494348,22.4235777796,0.102540767704,0.161723522643,0.0,-2.96146794419,-0.535527614281,5.62719624701,0.153937965897,0.00149722609183,0.0,435.6826748612652,436.6280594655345,435.67979616533,436.9535254417812
3.840000000000003,-3.34629900122,-1.59154745438,22.7625049983,0.112260777976,0.161496648414,0.0,-3.07086671524,-0.470212049668,5.66998545318,0.174561692359,-0.0172756668864,0.0,456.81727847434274,455.3176311898424,454.4288886964037,456.10330174359706
3.900000000000003,-3.53461192161,-1.61709852674,23.1086829838,0.122866170643,0.160099283025,0.0,-3.20600517273,-0.380387104951,5.86804121106,0.18081431641,-0.0393909331251,0.0,503.98765947892093,502.38638012554316,502.1846559172501,502.6641855328182
3.960000000000003,-3.73001779104,-1.63777737745,23.4605799301,0.133822381425,0.157810590536,0.0,-3.30742486765,-0.307962431589,5.86174754852,0.18595631414,-0.0357630321668,0.0,443.51962589318885,443.8168480349187,442.93136711028956,443.38648074996576
4.020000000000002,-3.93137364734,-1.65401714731,23.8113466841,0.144941440291,0.155822797019,0.0,-3.40439180572,-0.232419599974,5.8304818802,0.184010795648,-0.0283255814922,0.0,435.18127653691397,435.8030602515366,435.6249877875203,435.4963165952478
4.080000000000001,-4.13824543817,-1.66580999318,24.1583699133,0.156125074437,0.154590075582,0.0,-3.49140546983,-0.159785208409,5.73727398334,0.190772076256,-0.00832110069664,0.0,413.25282976679824,415.01276122892233,414.7978286210303,415.42765202802724
4.14,-4.35139111866,-1.67201577201,24.5064077929,0.168688117336,0.15463090662,0.0,-3.61341405068,-0.0459061263647,5.86299824015,0.232234311443,0.0143874452427,0.0,482.9540089793072,484.6640956499652,482.83780754121534,485.99367262538834
4.199999999999998,-4.57064940415,-1.67245890667,24.8541423412,0.182265812467,0.155584617487,0.0,-3.6954581882,0.0321746031123,5.7285827498,0.210511614359,0.0187517725578,0.0,401.0553452665846,401.4515892615406,403.0069479987187,401.094418373395
4.259999999999997,-4.79594565235,-1.66677202827,25.2005366268,0.195062935326,0.156346004858,0.0,-3.81452495706,0.158553889936,5.8169997802,0.21831596883,-0.00359601820344,0.0,475.133238859251,473.4163869766939,474.0295155285609,474.6706169929733
4.319999999999996,-5.02806190973,-1.65368352736,25.549956953,0.20853411003,0.156109466117,0.0,-3.92274944729,0.278883753432,5.82987845209,0.234675716018,-0.00464409717844,0.0,452.85871600487036,452.77446083513934,451.59347695814955,452.9601185810179
4.379999999999995,-5.2670187597,-1.63269198997,25.9021268709,0.222528007959,0.155992444169,0.0,-4.04248859247,0.422103696013,5.90820743341,0.230181051395,0.00295613949927,0.0,473.32913128058317,473.9138329945334,474.7433753762998,474.44868633892344
4.439999999999993,-5.51285557832,-1.60329394573,26.2568869373,0.236279709978,0.15692159706,0.0,-4.15221228375,0.559002961896,5.916568539,0.227150395081,0.0330153485494,0.0,453.74056332846743,456.1478507966522,453.31523440091223,453.12269028570995
4.499999999999992,-5.76522898376,-1.56557592296,26.6115023056,0.250008440285,0.159937980808,0.0,-4.26054582076,0.69938834512,5.90340714145,0.231938466628,0.0720698379007,0.0,446.0116845890155,449.19211353500407,449.00428193754925,449.44402716592685
4.559999999999991,-6.02396203543,-1.5195394325,26.9639252583,0.26435699325,0.164656202222,0.0,-4.36436032444,0.836270498955,5.84365980954,0.250617763256,0.0892926258337,0.0,433.42743233474283,434.8778336175079,433.4664530380659,435.09173369710794
4.6199999999999894,-6.29038638794,-1.46291037675,27.3205418316,0.279565052166,0.170033859335,0.0,-4.51693373328,1.05268635025,6.04141090777,0.258622015777,0.090288872698,0.0,514.7983363709984,514.8743407016,515.2939301427133,515.9142241720978
4.679999999999988,-6.56526488167,-1.39431622345,27.6841497262,0.295378921335,0.174915817236,0.0,-4.64618015555,1.23502909729,6.07765797121,0.271949297111,0.0500282381697,0.0,473.42292411637953,470.3186434325714,469.5185631278471,470.6171592116458
4.739999999999987,-6.84825457163,-1.31407664961,28.0511515495,0.311919366935,0.177978085566,0.0,-4.78708636725,1.44095130061,6.15424055303,0.282227232302,0.0529834652875,0.0,486.11835869740116,486.3412183317878,485.4477413220115,486.2880892406858
4.799999999999986,-7.13923832454,-1.22210103237,28.4197134767,0.329087611659,0.181731844052,0.0,-4.91274730824,1.6261986149,6.13024344665,0.292977167035,0.0769337312227,0.0,456.60155984919663,458.51135230110845,456.4845594296607,457.4221565638037
4.859999999999984,-7.43672242535,-1.12073084634,28.7808973958,0.346426608899,0.186066500384,0.0,-5.00393428023,1.75402005968,5.90959489689,0.279505483436,0.0606660005176,0.0,389.9887214332244,388.47050508954203,389.808897284606,388.6451301249067
4.919999999999983,-7.74026585542,-1.01057761916,29.1313045716,0.362758947417,0.189234524995,0.0,-5.11462552652,1.91893413688,5.77040064703,0.250768621604,0.0284022815329,0.0,420.623233690664,417.8207796223237,420.1319033315579,417.71087222195075
4.979999999999982,-8.05100783768,-0.889413965569,29.4756247785,0.377993263398,0.191045245649,0.0,-5.243713569,2.12092921544,5.70619394649,0.259526689921,0.0335131986435,0.0,445.3071252619119,445.72540838658796,446.48434529214404,447.2626856683368
5.0399999999999805,-8.36965122714,-0.755724018634,29.8164081752,0.393626931807,0.193965944911,0.0,-5.37804740888,2.33646576534,5.65231379069,0.262549406628,0.0686897564417,0.0,449.7810477844318,452.62294579893506,451.7681266963693,452.0789174290516
